CS	0	2
201	3	6
Introduction	7	19
to	20	22
Programming	23	34
with	35	39
Python	40	46
:	46	47
SYLLABUS	48	56
Instructor	57	67
:	67	68
Anatoliy	69	77
Aleksandrov	78	89
,	89	90
Ph.D.	91	95
.	95	96
Email	97	102
:	102	103
aaleksan@bu.edu	104	119
Phone	120	125
:	125	126
617-489-9061	127	139
Course	140	146
Description	147	158
Introduction	159	171
to	172	174
programming	175	186
basics	187	193
(	194	195
what	195	199
it	200	202
is	203	205
and	206	209
how	210	213
it	214	216
works	217	222
)	222	223
,	223	224
binary	225	231
computation	232	243
,	243	244
problem-solving	245	260
methods	261	268
and	269	272
algorithm	273	282
development	283	294
.	294	295
Includes	296	304
procedural	305	315
and	316	319
data	320	324
abstractions	325	337
,	337	338
program	339	346
design	347	353
,	353	354
debugging	355	364
,	364	365
testing	366	373
,	373	374
and	375	378
documentation	379	392
.	392	393
Covers	394	400
data	401	405
types	406	411
,	411	412
control	413	420
structures	421	431
,	431	432
functions	433	442
,	442	443
parameter	444	453
passing	454	461
,	461	462
library	463	470
functions	471	480
,	480	481
arrays	482	488
,	488	489
inheritance	490	501
and	502	505
object	506	512
oriented	513	521
design	522	528
.	528	529
Laboratory	530	540
exercises	541	550
in	551	553
Python	554	560
.	560	561
Course	562	568
Objectives	569	579
and	580	583
Learning	584	592
Goals	593	598
The	599	602
students	603	611
should	612	618
be	619	621
able	622	626
to	627	629
Understand	632	642
basic	643	648
principles	649	659
of	660	662
computers	663	672
Understand	675	685
basics	686	692
of	693	695
binary	696	702
computation	703	714
Understand	717	727
the	728	731
programming	732	743
basics	744	750
(	751	752
operations	752	762
,	762	763
control	764	771
structures	772	782
,	782	783
data	784	788
types	789	794
,	794	795
etc.	796	800
)	800	801
Readily	804	811
use	812	815
the	816	819
Python	820	826
programming	827	838
language	839	847
Apply	850	855
various	856	863
data	864	868
types	869	874
and	875	878
control	879	886
structure	887	896
Understand	899	909
class	910	915
inheritance	916	927
and	928	931
polymorphism	932	944
Understand	947	957
the	958	961
object-oriented	962	977
program	978	985
design	986	992
and	993	996
development	997	1008
Understand	1011	1021
and	1022	1025
begin	1026	1031
to	1032	1034
implement	1035	1044
code	1045	1049
Resources	1050	1059
Contemporary	1060	1072
programming	1073	1084
languages	1085	1094
like	1095	1099
Python	1100	1106
enjoy	1107	1112
rich	1113	1117
online	1118	1124
documentation	1125	1138
.	1138	1139
Indeed	1140	1146
,	1146	1147
they	1148	1152
are	1153	1156
built	1157	1162
on	1163	1165
the	1166	1169
premise	1170	1177
that	1178	1182
programmers	1183	1194
are	1195	1198
continually	1199	1210
in	1211	1213
contact	1214	1221
with	1222	1226
such	1227	1231
documentation	1232	1245
,	1245	1246
and	1247	1250
are	1251	1254
not	1255	1258
expected	1259	1267
to	1268	1270
memorize	1271	1279
any	1280	1283
but	1284	1287
a	1288	1289
small	1290	1295
fraction	1296	1304
of	1305	1307
it	1308	1310
.	1310	1311
The	1312	1315
textbook	1316	1324
for	1325	1328
the	1329	1332
course	1333	1339
is	1340	1342
below	1343	1348
.	1348	1349
"	1350	1351
Starting	1351	1359
Out	1360	1363
with	1364	1368
Python	1369	1375
plus	1376	1380
MyProgrammingLab	1381	1397
with	1398	1402
Pearson	1403	1410
eText	1411	1416
--	1417	1419
Access	1419	1425
Card	1426	1430
Package	1431	1438
(	1439	1440
3rd	1440	1443
Edition	1444	1451
)	1451	1452
Tony	1453	1457
Gaddis	1458	1464
ISBN-13	1465	1472
:	1472	1473
978-0133862256	1474	1488
"	1488	1489
Week-by-Week	1490	1502
Topics	1503	1509
Weekly	1510	1516
Activities	1517	1527
Each	1528	1532
week	1533	1537
you	1538	1541
will	1542	1546
need	1547	1551
to	1552	1554
:	1554	1555
Attend	1558	1564
the	1565	1568
lectures	1569	1577
Read	1580	1584
recommended	1585	1596
pages	1597	1602
in	1603	1605
the	1606	1609
textbook	1610	1618
(	1619	1620
listed	1620	1626
below	1627	1632
)	1632	1633
Complete	1636	1644
the	1645	1648
interim	1649	1656
assessment	1657	1667
for	1668	1671
feedback	1672	1680
Complete	1683	1691
the	1692	1695
homework	1696	1704
assignments	1705	1716
Participate	1720	1731
in	1732	1734
discussions	1735	1746
Schedule	1747	1755
:	1755	1756
Week	1760	1764
Module	1765	1771
Topic	1772	1777
Readings	1778	1786
1	1788	1789
and	1790	1793
2	1794	1795
1	1798	1799
Module	1800	1806
1	1807	1808
:	1808	1809
Introduction	1810	1822
--	1823	1825
Relationship	1826	1838
between	1839	1846
computers	1847	1856
and	1857	1860
programs	1861	1869
--	1870	1872
Basic	1873	1878
principles	1879	1889
of	1890	1892
computers	1893	1902
--	1903	1905
File	1906	1910
systems	1911	1918
--	1919	1921
Using	1922	1927
the	1928	1931
Python	1932	1938
interpreter	1939	1950
--	1951	1953
Introduction	1954	1966
to	1967	1969
binary	1970	1976
computation	1977	1988
--	1989	1991
Input	1992	1997
/	1998	1999
Output	2000	2006
Chapters	2010	2018
1	2019	2020
3	2022	2023
and	2024	2027
4	2028	2029
2	2032	2033
Module	2034	2040
2	2041	2042
:	2042	2043
Data	2044	2048
types	2049	2054
and	2055	2058
control	2059	2066
structures	2067	2077
--	2078	2080
Operators	2081	2090
(	2091	2092
unary	2092	2097
,	2097	2098
arithmetic	2099	2109
,	2109	2110
etc.	2111	2115
)	2115	2116
--	2117	2119
Data	2120	2124
types	2125	2130
,	2130	2131
variables	2132	2141
,	2141	2142
expressions	2143	2154
,	2154	2155
and	2156	2159
statements	2160	2170
--	2171	2173
Assignment	2174	2184
statements	2185	2195
--	2196	2198
Strings	2199	2206
and	2207	2210
string	2211	2217
operations	2218	2228
--	2229	2231
Control	2232	2239
Structures	2240	2250
:	2250	2251
loops	2252	2257
and	2258	2261
decision	2262	2270
Chapter	2274	2281
2	2282	2283
,	2283	2284
3.1	2285	2288
,	2288	2289
3.2	2290	2293
,	2293	2294
3.4	2295	2298
,	2298	2299
3.5	2300	2303
,	2303	2304
3.6	2305	2308
,	2308	2309
4.1	2310	2313
,	2313	2314
4.2	2315	2318
,	2318	2319
4.3	2320	2323
5	2326	2327
and	2328	2331
6	2332	2333
3	2336	2337
Module	2338	2344
3	2345	2346
:	2346	2347
Modularization	2348	2362
and	2363	2366
Classes	2367	2374
--	2375	2377
Standard	2378	2386
modules	2387	2394
--	2395	2397
Packages	2398	2406
--	2407	2409
Defining	2410	2418
Classes	2419	2426
--	2427	2429
Defining	2430	2438
functions	2439	2448
--	2449	2451
Functions	2452	2461
and	2462	2465
arguments	2466	2475
(	2476	2477
signature	2477	2486
)	2486	2487
Chapter	2490	2497
5.1	2498	2501
–	2502	2503
5.5	2504	2507
7	2509	2510
and	2511	2514
8	2515	2516
4	2519	2520
Module	2521	2527
4	2528	2529
:	2529	2530
Exceptions	2531	2541
and	2542	2545
data	2546	2550
structures	2551	2561
--	2562	2564
Data	2565	2569
Structures	2570	2580
(	2581	2582
array	2582	2587
,	2587	2588
List	2589	2593
,	2593	2594
Dictionary	2595	2605
)	2605	2606
--	2607	2609
Error	2610	2615
processing	2616	2626
--	2627	2629
Exception	2630	2639
Raising	2640	2647
and	2648	2651
Handling	2652	2660
Chapter	2664	2671
6	2672	2673
,	2673	2674
9.1	2675	2678
,	2678	2679
9.2	2680	2683
9	2686	2687
and	2688	2691
10	2692	2694
5	2697	2698
Module	2699	2705
5	2706	2707
:	2707	2708
Object	2709	2715
oriented	2716	2724
design	2725	2731
--	2732	2734
Programming	2735	2746
types	2747	2752
--	2753	2755
Object	2756	2762
Oriented	2763	2771
Programming	2772	2783
--	2784	2786
Object	2787	2793
Oriented	2794	2802
Design	2803	2809
--	2810	2812
Inheritance	2813	2824
and	2825	2828
Polymorphism	2829	2841
Chapter	2844	2851
10	2852	2854
,	2854	2855
11	2856	2858
Remaining	2866	2875
6	2876	2877
Module	2878	2884
6	2885	2886
:	2886	2887
Remaining	2888	2897
materials	2898	2907
,	2907	2908
Exam	2909	2913
preparation	2914	2925
.	2925	2926
GRADING	2927	2934
:	2934	2935
Programming	2936	2947
assignments	2948	2959
/	2959	2960
Homework	2960	2968
-	2969	2970
40	2971	2973
%	2973	2974
Class	2975	2980
Participation	2981	2994
and	2995	2998
Attendance	2999	3009
-	3010	3011
10	3012	3014
%	3014	3015
Midterm	3016	3023
-	3024	3025
25	3026	3028
%	3028	3029
Final	3030	3035
-	3036	3037
25	3038	3040
%	3040	3041
PROGRAM	3042	3049
EVALUATION	3050	3060
CRITERIA	3061	3069
Program	3070	3077
correctness	3078	3089
-	3090	3091
60	3092	3094
%	3094	3095
Documentation	3096	3109
-	3110	3111
20	3112	3114
%	3114	3115
Readability	3116	3127
-	3128	3129
20	3130	3132
%	3132	3133
Remaining	3134	3143
materials	3144	3153
,	3153	3154
Q&A	3155	3158
